Time = 5999.98
sv[0] = -86.0599
sv[1] = 0.00143782
sv[2] = 0.766944
sv[3] = 0.756684
sv[4] = 0.000894152
sv[5] = 0.0054739
sv[6] = 0.423763
sv[7] = 0.851973
sv[8] = 0.999545
sv[9] = 3.01894e-05
sv[10] = 2.10439e-08
sv[11] = 0.479802
