[main]
num_threads = 6
dx = 100.000000
dt = 0.001000
tmax = 5600.000000
lmax = 10000.000000
diameter = 100.000000
num_cell_div = 0
sigma_c = 0.000400
G_gap = 0.628000
print_rate = 5600001
sst_rate = 5600000
use_steady_state = no
sst_filename = steady_state/sst-cable-10000.0um-sigma-0.000400.sst
calc_activation_time = no


[stimulus]
stim_start = 0.000000
stim_duration = 2.000000
start_period = 280.000000
end_period = 280.000000
period_step = 100.000000
n_cycles = 20
